12
0 0 0 0 0 0 0
0 0 0 0 0 0 0
0 0 0 0 0 0 0
0 0 0 0 0 0 0
0 0 0 0 0 0 0
0 0 0 0 0 0 0
0 0 0 0 0 0 0
0 0 0 0 0 0 0
0 0 0 0 0 0 0
0 0 0 0 0 0 0
0 0 0 0 0 0 0
0 0 0 0 0 0 0
0 0 0 0 0 0 0
0 0 0 0 0 0 0
0 0 0 0 0 0 0
0 0 0 0 0 0 0
0 0 0 0 0 0 0
0 0 0 0 0 0 0
0 0 0 0 0 0 0
0 0 0 0 0 0 0
0 0 0 0 0 0 0
0 0 0 0 0 0 0
0 0 0 0 0 0 0
0 0 0 0 0 0 0
0 0 0 0 0 0 0
0 0 0 0 0 0 0
0 0 0 0 0 0 0
0 0 0 0 0 0 0
0 0 0 0 0 0 0
0 0 0 0 0 0 0
0 0 0 0 0 0 0
0 0 0 0 0 0 0
0 0 0 0 0 0 3
175 68 7 12 2 10 3
133 91 8 7 2 10 4
55 56 10 12 2 9 6
43 30 9 13 2 10 5
21 30 12 13 2 10 8
166 30 13 12 2 10 9
162 91 6 7 2 10 3
77 0 8 15 2 10 4
85 0 8 15 2 10 4
91 91 8 8 2 10 4
32 80 11 10 2 8 7
141 91 7 7 2 3 3
218 91 7 5 2 5 3
186 91 7 6 2 4 3
52 30 9 13 2 10 5
65 56 10 12 2 10 6
60 68 9 12 1 10 6
75 56 10 12 2 10 6
85 56 10 12 2 10 6
95 56 10 12 2 10 6
69 68 9 12 1 10 6
105 56 10 12 2 10 6
115 56 10 12 2 10 6
125 56 10 12 2 10 6
135 56 10 12 2 10 6
60 91 7 9 2 7 3
18 80 7 11 2 7 3
54 80 10 10 2 8 7
122 91 11 7 2 6 7
64 80 10 10 2 8 7
159 68 8 12 2 10 5
179 30 13 12 2 8 9
8 30 13 13 2 11 8
151 44 11 12 2 10 7
91 44 12 12 2 10 9
192 30 13 12 2 10 9
162 44 11 12 2 10 7
145 56 10 12 2 10 6
205 30 13 12 2 10 9
138 30 14 12 2 10 10
167 68 8 12 2 10 4
197 16 9 14 3 10 4
218 30 13 12 2 10 9
173 44 11 12 2 10 7
108 30 15 12 2 10 11
152 30 14 12 2 10 10
231 30 13 12 2 10 9
184 44 11 12 2 10 7
10 0 15 15 2 10 9
0 44 13 12 2 10 9
155 56 10 12 2 10 6
13 44 13 12 2 10 8
26 44 13 12 2 10 9
39 44 13 12 2 10 8
92 30 16 12 2 10 11
52 44 13 12 2 10 9
103 44 12 12 2 10 7
195 44 11 12 2 10 7
109 0 7 15 1 10 4
61 30 9 13 2 10 5
116 0 7 15 2 10 4
81 91 10 8 2 9 6
199 91 11 5 2 1 6
148 91 7 7 2 10 3
225 80 9 9 2 7 5
165 56 10 12 2 10 6
234 80 9 9 2 7 5
206 44 11 12 2 10 6
0 91 9 9 2 7 5
175 56 10 12 2 10 4
185 56 10 12 2 7 6
33 30 10 13 2 11 6
25 80 7 11 2 9 3
93 0 8 15 3 10 3
195 56 10 12 2 10 6
78 30 7 13 2 11 3
92 80 14 9 2 7 9
119 80 11 9 2 7 7
185 80 10 9 2 7 6
205 56 10 12 2 7 6
217 44 11 12 2 7 6
9 91 9 9 2 7 4
36 91 8 9 2 7 4
84 80 8 10 2 8 4
43 80 11 10 2 8 6
195 80 10 9 2 7 5
106 80 13 9 2 7 9
205 80 10 9 2 7 5
215 56 10 12 2 7 5
18 91 9 9 2 7 5
68 0 9 15 2 10 5
123 0 5 15 1 10 3
101 0 8 15 2 10 5
168 91 10 6 2 7 6
0 0 0 0 0 0 0
0 0 0 0 0 0 0
0 0 0 0 0 0 0
0 0 0 0 0 0 0
0 0 0 0 0 0 0
0 0 0 0 0 0 0
0 0 0 0 0 0 0
0 0 0 0 0 0 0
0 0 0 0 0 0 0
0 0 0 0 0 0 0
0 0 0 0 0 0 0
0 0 0 0 0 0 0
0 0 0 0 0 0 0
0 0 0 0 0 0 0
0 0 0 0 0 0 0
0 0 0 0 0 0 0
0 0 0 0 0 0 0
0 0 0 0 0 0 0
0 0 0 0 0 0 0
0 0 0 0 0 0 0
0 0 0 0 0 0 0
0 0 0 0 0 0 0
0 0 0 0 0 0 0
0 0 0 0 0 0 0
0 0 0 0 0 0 0
0 0 0 0 0 0 0
0 0 0 0 0 0 0
0 0 0 0 0 0 0
0 0 0 0 0 0 0
0 0 0 0 0 0 0
0 0 0 0 0 0 0
0 0 0 0 0 0 0
0 0 0 0 0 0 0
0 0 0 0 0 0 0
85 30 7 13 2 8 3
224 68 9 11 2 9 5
225 56 10 12 2 10 6
74 80 10 10 2 9 6
115 44 12 12 2 10 7
128 0 5 15 1 10 3
206 16 9 14 2 10 5
178 91 8 6 2 9 4
127 44 12 12 2 10 8
44 91 8 9 2 9 4
130 80 11 9 2 7 7
141 80 11 9 2 7 7
225 91 3 3 1 1 0
139 44 12 12 2 10 8
210 91 8 5 2 9 4
99 91 8 8 2 10 4
228 44 11 12 2 10 7
107 91 8 8 2 12 4
67 91 7 9 2 13 3
155 91 7 7 2 10 3
235 56 10 12 1 7 7
37 0 11 15 2 10 7
193 91 6 6 2 6 3
115 91 7 8 2 3 3
74 91 7 9 2 13 3
52 91 8 9 2 9 4
152 80 11 9 2 7 7
117 16 12 14 2 11 8
147 0 13 14 2 11 9
129 16 12 14 2 11 8
70 30 8 13 2 8 5
160 0 13 14 2 12 8
173 0 13 14 2 12 8
186 0 13 14 2 12 8
199 0 13 14 2 12 8
212 0 13 14 2 12 8
225 0 13 14 2 12 8
123 30 15 12 2 10 11
25 0 12 15 2 10 9
153 16 11 14 2 12 7
164 16 11 14 2 12 7
175 16 11 14 2 12 7
186 16 11 14 2 12 7
215 16 8 14 2 12 4
223 16 8 14 2 12 4
231 16 8 14 2 12 4
0 30 8 14 2 12 4
65 44 13 12 2 10 9
133 0 14 14 2 12 10
0 16 13 14 2 12 9
13 16 13 14 2 12 9
26 16 13 14 2 12 9
39 16 13 14 2 12 9
52 16 13 14 2 12 9
27 91 9 9 1 8 7
78 44 13 12 2 10 9
65 16 13 14 2 12 9
78 16 13 14 2 12 9
91 16 13 14 2 12 9
104 16 13 14 2 12 9
141 16 12 14 2 12 7
0 56 11 12 2 10 7
0 68 10 12 2 10 6
78 68 9 12 2 10 5
87 68 9 12 2 10 5
96 68 9 12 2 10 5
105 68 9 12 2 10 5
233 68 9 11 2 9 5
114 68 9 12 2 10 5
163 80 11 9 2 7 7
123 68 9 12 2 7 5
132 68 9 12 2 10 5
141 68 9 12 2 10 5
150 68 9 12 2 10 5
0 80 9 11 2 9 5
182 68 7 12 2 10 3
189 68 7 12 2 10 3
196 68 7 12 2 10 3
9 80 9 11 3 9 3
10 68 10 12 2 10 6
11 56 11 12 2 10 7
20 68 10 12 2 10 6
30 68 10 12 2 10 6
40 68 10 12 2 10 6
50 68 10 12 2 10 6
214 68 10 11 2 9 6
174 80 11 9 2 7 7
215 80 10 9 2 7 6
22 56 11 12 2 10 6
33 56 11 12 2 10 6
44 56 11 12 2 10 6
203 68 11 11 2 9 6
48 0 10 15 2 10 5
0 0 10 16 2 11 6
58 0 10 15 2 10 5
