36
0 0 0 0 0 0 0
0 0 0 0 0 0 0
0 0 0 0 0 0 0
0 0 0 0 0 0 0
0 0 0 0 0 0 0
0 0 0 0 0 0 0
0 0 0 0 0 0 0
0 0 0 0 0 0 0
0 0 0 0 0 0 0
0 0 0 0 0 0 0
0 0 0 0 0 0 0
0 0 0 0 0 0 0
0 0 0 0 0 0 0
0 0 0 0 0 0 0
0 0 0 0 0 0 0
0 0 0 0 0 0 0
0 0 0 0 0 0 0
0 0 0 0 0 0 0
0 0 0 0 0 0 0
0 0 0 0 0 0 0
0 0 0 0 0 0 0
0 0 0 0 0 0 0
0 0 0 0 0 0 0
0 0 0 0 0 0 0
0 0 0 0 0 0 0
0 0 0 0 0 0 0
0 0 0 0 0 0 0
0 0 0 0 0 0 0
0 0 0 0 0 0 0
0 0 0 0 0 0 0
0 0 0 0 0 0 0
0 0 0 0 0 0 0
0 0 0 0 0 0 7
0 157 9 27 0 25 10
268 184 13 13 0 26 13
429 74 20 28 2 23 17
346 40 18 33 1 27 16
357 74 28 28 2 25 24
9 157 31 26 1 24 28
281 184 8 13 0 26 8
145 0 13 37 1 27 11
158 0 13 37 1 27 11
218 184 15 15 1 26 12
191 157 23 22 1 20 21
233 184 11 14 2 7 9
387 184 13 8 1 11 10
362 184 9 9 0 7 9
516 40 18 30 2 25 14
201 130 20 27 1 25 18
429 130 17 27 -1 25 18
159 130 21 27 1 25 18
274 74 19 29 0 25 18
71 130 22 27 2 25 18
293 74 18 29 0 25 18
469 74 19 28 0 26 18
408 74 21 28 1 25 18
301 130 19 27 0 25 18
449 74 20 28 0 25 18
43 184 9 19 0 17 9
180 157 11 24 2 16 8
229 157 22 21 1 19 20
289 184 23 12 1 15 21
251 157 22 21 1 19 20
530 130 14 27 0 25 14
328 74 29 28 1 21 27
565 40 30 29 2 27 25
533 103 25 27 2 25 22
425 103 27 27 1 25 26
193 103 30 27 1 25 27
48 130 23 27 1 25 20
180 130 21 27 1 25 19
369 103 28 27 1 25 26
69 103 31 27 1 25 29
514 130 16 27 2 25 13
349 0 19 35 5 25 13
253 103 29 27 1 25 26
558 103 24 27 1 25 21
550 74 36 27 2 25 33
36 103 33 27 2 25 29
282 103 29 27 1 25 27
0 130 24 27 2 25 21
38 0 35 37 1 25 27
100 103 31 27 2 25 26
320 130 19 27 1 25 17
0 74 28 29 1 27 24
131 103 31 27 2 25 27
311 103 29 27 2 25 25
511 74 39 27 2 25 34
162 103 31 27 3 25 26
397 103 28 27 2 25 22
56 74 24 29 1 27 22
217 0 12 36 -2 27 12
534 40 18 30 2 25 14
204 0 13 36 2 27 12
183 184 20 16 1 24 18
414 184 24 6 2 -3 19
312 184 10 11 1 25 8
521 157 18 19 1 17 15
126 74 22 29 2 27 19
539 157 17 19 1 17 15
472 40 22 30 1 27 19
556 157 17 19 1 17 14
234 74 20 29 2 27 12
192 74 21 29 2 17 16
449 40 23 30 2 28 19
558 130 13 27 2 25 9
171 0 12 37 3 25 9
80 74 23 29 2 27 18
552 40 13 30 2 28 9
273 157 32 20 2 18 28
305 157 23 20 2 18 19
481 157 20 19 1 17 18
494 40 22 30 2 18 19
148 74 22 29 1 17 19
391 157 16 20 1 18 13
15 184 14 19 1 17 12
214 157 15 22 1 20 12
328 157 22 20 1 18 19
350 157 21 20 2 17 16
407 157 30 19 2 17 26
460 157 21 19 2 17 16
213 74 21 29 2 17 16
573 157 17 19 1 17 14
368 0 16 35 1 27 14
22 0 8 39 -1 27 10
384 0 16 35 2 27 14
332 184 20 9 1 16 19
0 0 0 0 0 0 0
0 0 0 0 0 0 0
0 0 0 0 0 0 0
0 0 0 0 0 0 0
0 0 0 0 0 0 0
0 0 0 0 0 0 0
0 0 0 0 0 0 0
0 0 0 0 0 0 0
0 0 0 0 0 0 0
0 0 0 0 0 0 0
0 0 0 0 0 0 0
0 0 0 0 0 0 0
0 0 0 0 0 0 0
0 0 0 0 0 0 0
0 0 0 0 0 0 0
0 0 0 0 0 0 0
0 0 0 0 0 0 0
0 0 0 0 0 0 0
0 0 0 0 0 0 0
0 0 0 0 0 0 0
0 0 0 0 0 0 0
0 0 0 0 0 0 0
0 0 0 0 0 0 0
0 0 0 0 0 0 0
0 0 0 0 0 0 0
0 0 0 0 0 0 0
0 0 0 0 0 0 0
0 0 0 0 0 0 0
0 0 0 0 0 0 0
0 0 0 0 0 0 0
0 0 0 0 0 0 0
0 0 0 0 0 0 0
0 0 0 0 0 0 0
0 0 0 0 0 0 0
502 74 9 28 0 20 10
162 157 18 25 1 22 15
385 74 23 28 3 25 19
371 157 20 20 1 19 18
452 103 27 27 2 25 22
30 0 8 39 -1 27 10
364 40 17 33 1 25 15
371 184 16 8 2 24 11
479 103 27 27 1 25 24
29 184 14 19 1 22 12
52 184 22 18 0 17 21
137 184 23 17 1 16 22
438 184 3 3 1 1 0
506 103 27 27 1 25 24
400 184 14 7 1 23 11
254 184 14 13 1 25 11
139 157 23 25 1 25 21
203 184 15 16 2 30 11
160 184 12 17 1 31 10
322 184 10 11 1 25 8
170 74 22 29 0 17 20
100 0 24 37 1 25 22
352 184 10 9 1 12 8
244 184 10 14 1 2 8
172 184 11 17 1 31 9
0 184 15 19 2 22 11
74 184 22 18 0 17 21
397 40 26 31 1 27 24
28 74 28 29 1 25 26
423 40 26 31 1 27 23
488 74 14 28 0 20 14
464 0 30 34 2 32 25
494 0 30 34 2 32 25
524 0 30 34 2 32 25
554 0 30 34 2 32 25
264 40 30 33 2 31 25
0 40 30 34 2 32 25
0 103 36 27 3 25 32
73 0 27 37 1 25 26
116 40 23 34 1 32 20
139 40 23 34 1 32 20
162 40 23 34 1 32 20
323 40 23 33 1 31 20
185 40 16 34 2 32 13
201 40 16 34 2 32 13
217 40 16 34 2 32 13
381 40 16 33 2 31 13
223 103 30 27 1 25 27
400 0 33 34 2 32 29
291 0 29 35 1 33 27
320 0 29 35 1 33 27
30 40 29 34 1 32 27
59 40 29 34 1 32 27
294 40 29 33 1 31 27
118 184 19 18 -1 18 21
340 103 29 27 1 25 28
229 0 31 35 2 33 27
260 0 31 35 2 33 27
433 0 31 34 2 32 27
233 40 31 33 2 31 27
88 40 28 34 2 32 22
24 130 24 27 2 25 21
103 74 23 29 2 27 19
339 130 18 27 1 25 15
357 130 18 27 1 25 15
375 130 18 27 1 25 15
393 130 18 27 1 25 15
105 157 18 26 1 24 15
411 130 18 27 1 25 15
437 157 23 19 1 17 21
311 74 17 29 1 17 15
446 130 17 27 1 25 14
463 130 17 27 1 25 14
480 130 17 27 1 25 14
497 130 17 27 1 25 14
571 130 13 27 2 25 9
544 130 14 27 2 25 9
584 130 13 27 2 25 9
123 157 16 26 3 24 9
254 74 20 29 1 27 18
40 157 23 26 2 24 19
221 130 20 27 1 25 18
241 130 20 27 1 25 18
261 130 20 27 1 25 18
281 130 20 27 1 25 18
85 157 20 26 1 24 18
96 184 22 18 0 18 21
501 157 20 19 1 17 18
93 130 22 27 1 25 19
115 130 22 27 1 25 19
137 130 22 27 1 25 19
63 157 22 26 1 24 19
124 0 21 37 2 25 16
0 0 22 40 2 28 19
183 0 21 36 2 24 16
